0	CRNODE	N0	0;0	120;0;70;0	45
0	CRNODE	N1	50;50	30;50;30;50	63
0	CRNODE	N2	80;20	80;10;70;40	47
0	CRNODE	N3	80;50	40;20;10;50	34
0	CRNODE	N4	80;80	60;0;50;0	91
0	CRNODE	N5	110;30	130;50;110;10	41
0	CRNODE	N6	110;10	40;20;40;20	51
0	CRNODE	N7	120;100	60;10;20;10	76
0	CRNODE	N8	140;40	90;30;80;10	29
0	CRNODE	N9	160;100	100;10;10;100	74
0	CRNODE	N10	190;40	45;20;10;30	88
0	SEND	N1	N10	961
10	MOVE	N7	110;40
18	CRNODE	N11	140;70	120;0;100;100	100
20	CHBTTRY	N9	100
30	RMNODE	N2
30	RMNODE	N5
45	RMNODE	N3