10
99
0 0 0.8
0 1 0.46
0 2 0.32
0 3 0.15
0 4 0.02
0 5 0.81
0 6 0.29
0 7 0.45
0 8 0.6
0 9 0.27
1 0 0.29
1 1 0.95
1 2 0.9
1 3 0.42
1 4 0.97
1 5 0.97
1 6 0.91
1 7 0.14
1 8 0.61
1 9 0.67
2 0 0.56
2 1 0.89
2 2 0.92
2 3 0.14
2 4 0.17
2 5 0.78
2 6 0.25
2 7 0.21
2 8 0.5
2 9 0.08
3 0 0.63
3 1 0.69
3 2 0.92
3 3 0.77
3 4 0.2
3 5 0.45
3 6 0.53
3 7 0.88
3 8 0.49
3 9 0.42
4 0 0.65
4 1 0.33
4 2 0.75
4 3 0.7
4 4 0.19
4 5 0.42
4 6 0.64
4 7 0.81
4 8 0.46
4 9 0.93
5 0 0.27
5 1 0.6
5 2 0.52
5 3 0.36
5 4 0.26
5 5 0.87
5 6 0.96
5 7 0.82
5 8 0.3
5 9 0.49
6 0 0.03
6 1 0.49
6 2 0.48
6 3 0.45
6 4 0.31
6 5 0.87
6 6 0.61
6 7 0.86
6 8 0.81
6 9 0.27
7 0 0.35
7 1 0.83
7 2 0.32
7 3 0.52
7 4 0.51
7 5 0.72
7 6 0.73
7 7 0.14
7 8 0.61
7 9 0.28
8 0 0.96
8 1 0.71
8 2 0.58
8 3 0.7
8 4 0.36
8 5 0.64
8 6 0.23
8 7 0.82
8 8 0.85
8 9 0.99
9 0 0.64
9 1 0.28
9 2 0.19
9 3 0.63
9 4 0.0
9 5 0.56
9 6 0.38
9 7 0.31
9 8 0.47
