0 0 0 0 0 0 0 0 0 0 0 0 0 0 0 0 0 0 0 0
0 -34 -44 -72 -60 -53 -69 -92 -75 -51 -97 -43 -52 -27 -73 -49 -88 -49 -54 0
0 -93 2 -22 -87 -68 -20 -31 -17 -82 -54 -35 -32 -67 -46 -98 -43 -22 -90 0
0 -2 -23 -15 -39 -69 -15 -77 -33 -22 -52 -93 -76 -25 -94 -33 -61 -73 -49 0
0 -27 -12 -29 -26 -73 -2 -7 -43 -84 -8 -84 -89 -24 -66 -60 -84 -40 -38 0
0 -48 -73 -83 -17 -55 -53 -58 -97 -37 -46 -42 -23 -41 -43 -52 -85 -87 -48 0
0 -45 -2 -34 -72 -26 -45 0 -33 -10 -97 -54 -61 -15 -56 -60 -11 -10 -3 0
0 -50 -71 -89 -43 -43 -39 0 -48 -66 -78 -67 -94 -62 -81 -37 -30 -74 -3 0
0 -72 -19 -97 -84 -12 -76 -33 -54 -84 -64 -13 -98 -47 -13 -99 -16 -37 -87 0
0 -42 -59 -75 -24 -16 -11 -7 -88 -26 -86 -5 -56 -5 -8 -87 -16 -7 -33 0
0 -56 -9 -48 -81 -77 -2 -76 -13 -66 -96 -61 -11 -83 -64 -46 -79 -94 -22 0
0 -50 4 -21 -82 -39 -33 -20 -2 -24 -19 -65 -95 -13 -66 -68 -14 -76 -88 0
0 -45 -61 -16 -71 -93 -20 -72 -80 -84 -59 -87 -77 -23 -53 -13 -67 -15 -28 0
0 -67 -55 -97 -1 -19 -10 -88 -72 -45 -97 -6 -90 -70 -75 -91 -92 -81 -62 0
0 0 0 0 0 0 0 0 0 0 0 0 0 0 0 0 0 0 0 0
