0 0 0 0 0 0 0 0 0 0 0 0 0 0 0 0 0 0
0 0 -49 -23 -95 -13 -98 -22 -67 -71 -52 -52 -92 -28 -68 -77 -88 0
0 -10 -65 -86 -17 -33 -7 -76 -71 -90 -19 -26 -25 -7 -26 -11 -30 0
0 -46 -80 -1 -51 -43 -44 -11 -12 -64 -27 -61 -82 -7 -84 -91 -13 0
0 -6 -29 -57 -65 -22 -63 -91 -25 -12 -53 -47 -8 -81 -67 -21 -24 0
0 -8 -58 -56 -59 -24 -71 -78 -75 -72 -78 -81 -50 -35 -28 -33 -13 0
0 -95 -53 -12 -59 -85 -5 -3 -31 -41 -36 -61 -12 -66 -52 -81 -84 0
0 -69 -14 -27 -11 -81 -96 -20 -53 -25 -93 -38 -85 -40 -24 -70 -17 0
0 -63 -44 -90 -51 -69 -87 -6 -34 -31 -4 -58 -16 -63 -12 -78 -16 0
0 -51 -14 -24 -28 -79 -24 -43 -71 -37 -95 -82 -14 -9 -27 -44 -62 0
0 -75 -96 -87 -61 -37 -11 -48 -80 -75 -86 -42 -37 -54 -65 -91 -63 0
0 -89 -75 -88 -24 -39 -82 -98 -24 -36 -50 -38 -53 -2 -27 -74 -10 0
0 -19 -61 -5 -89 -68 -5 -21 -89 -52 -37 -7 -6 -47 -29 -98 -12 0
0 -31 -30 -79 -65 -11 -48 -5 -21 -28 0 -92 -75 -17 -3 -28 -48 0
0 -65 -76 -64 -29 -87 -21 -73 -92 -79 -39 -77 -25 -43 -23 -5 -99 0
0 -72 -70 -68 -34 -72 -98 -14 -88 -24 -91 -67 -89 -88 -4 -33 -4 0
0 -36 -7 -34 -79 -14 -4 -22 -79 -32 -64 -6 -52 -80 -41 -77 -14 0
0 0 0 0 0 0 0 0 0 0 0 0 0 0 0 0 0 0
